+212711783897
+212688832311
+212613184914
+212702232457
+212601401271
+212629084848
+212621101896
+212661797901
+212688548114
+212655897849
+212654615042
+212629181733
+212611232255
+212722705675
+212653494369
+212689255189
+212699818485
+212658778828
+212705500450
+212666966119
+212665741643
+212666609393
+212716475786
+212777677792
+212770997065
+212622129359
+212682694799
+212678424466
+212684591871
+212655420670
+212675661601
+212697154630
+212766459719
+212680259922
+212641484291
+212648568261
+212660104931
+212689596346
+212626071711
+212633245362
+212657531842
+212648415855
+212618159909
+212676342997
+212614383530
+212648520653
+212669167749
+212666825381
+212709257960
+212648633696
+212635631665
+212690319780
+212688626209
+212621287258
+212676219089
+212689578841
+212613775887
+212701794445
+212675904837
+212670592579
+212613109302
+212602072810
+212626339471
+212636136904
+212625121636
+212611429639
+212606099585
+212711077831
+212602597674
+212707084783
+212675503178
+212650434901
+212698520404
+212630123725
+212766414760
+212600268164
+212707767204
+212669446583
+212654577036
+212624045971
+212675062946
+212607761129
+212706907271
+212636012008
+212618981984
+212694420280
+212665832022
+212611506635
+212686361933
+212659335856
+212673886340
+212679224084
+212696968108
+212636507706
+212658982329
+212677986183
+212670640101
+212684775398
+212622738853
+212622373431
+212644452405
+212672180628
+212699828778
+212660673116
+212629617881
+212668499575
+212634440924
+212623089881
+212654983470
+212689052536
+212635875491
+212698875104
+212679376821
+212619377299
+212653140467
+212671801633
+212667040301
+212614687682
+212672809303
+212695752648
+212626897556
+212687027327
+212669767595
+212628066471
+212688233729
+212675315767
+212666002747
+212689041067
+212660276372
+212688959947
+212626015031
+212659982315
+212674461121
+212659475716
+212639831102
+212662011785
+212614926889
+212661894656
+212612812482
+212628719844
+212684119139
+212622633019
+212660738235
+212675280786
+212683892486
+212629173858
+212610951556
+212698121816
+212663298792
+212679335198
+212665481873
+212627919491
+212619133610
+212665228948
+212695259582
+212654554044
+212665121295
+212689442515
+212646701373
+212619166833
+212646444946
+212655158739
+212638499100
+212692768989
+212673982080
+212620243882
+212685365860
+212627138977
+212623777525
+212665418033
+212696760278
+212676252633
+212665687475
+212679667689
+212694938807
+212622925771
+212627368244
+212657728354
+212675911390
+212620194939
+212668764526
+212653320470
+212674032107
+212679713544
+212696263932
+212657011503
+212654250883
+212653813554
+212677772322
+212692567286
+212621420046
+212638672924
+212619903844
+212659829708
+212671988886
+212689384285
+212688156941
+212627428650
+212669950255
+212693046312
+212659756835
+212672561275
+212679677933
+212655999877
+212691686422
+212696716085
+212639739055
+212616423636
+212637741915
+212659861624
+212660002165
+212653097753
+212613577286
+212662628579
+212611873046
+212662536042
+212663877677
+212651862079
+212662460939
+212671417841
+212613453111
+212648452946
+212693535537
+212621103577
+212653499811
+212686750312
+212638553551
+212627510759
+212633384955
+212664081556
+212639853880
+212678612539
+212660824046
+212672750880
+212673789437
+212691598728
+212613784428
+212670441184
+212654900190
+212636542925
+212625498330
+212655592858
+212638682911
+212622330808
+212664767178
+212666934836
+212612934405
+212637453835
+212648714715